0 0.78203125 0.7000000000000002 0.73828125 0.7000000000000002 0.73828125 0.7680555555555558 0.78203125 0.7680555555555558
0 0.66484375 0.665277777777778 0.62265625 0.665277777777778 0.62265625 0.7291666666666666 0.66484375 0.7291666666666666
0 0.60703125 0.6291666666666669 0.56640625 0.6291666666666669 0.56640625 0.690277777777778 0.60703125 0.690277777777778
0 0.5484375 0.613888888888889 0.51015625 0.613888888888889 0.51015625 0.665277777777778 0.5484375 0.665277777777778
0 0.4484375 0.565277777777778 0.4140625 0.565277777777778 0.4140625 0.6194444444444446 0.4484375 0.6194444444444446
0 0.39375 0.5444444444444445 0.35859375 0.5444444444444444 0.35859375 0.5916666666666668 0.39375 0.5916666666666668
0 0.31640625 0.5194444444444445 0.28671875 0.5194444444444445 0.28671875 0.5625 0.31640625 0.5625
0 0.23359375 0.47638888888888886 0.2046875 0.47638888888888886 0.2046875 0.5222222222222223 0.23359375 0.5222222222222223
4 0.25390625000000006 0.4722222222222222 0.20234375 0.4722222222222222 0.20234375000000004 0.7430555555555556 0.2539062500000001 0.7430555555555556
4 0.4765625 0.5680555555555558 0.4078125 0.5680555555555558 0.4078125 0.8375 0.4765625 0.8375
4 0.3375 0.5166666666666667 0.28359375 0.5166666666666667 0.28359375000000003 0.7777777777777778 0.3375000000000001 0.7777777777777778
4 0.55703125 0.6041666666666669 0.48828125 0.6041666666666669 0.48828125 0.8402777777777778 0.55703125 0.8402777777777778
4 0.28906250000000006 0.4930555555555556 0.24375 0.4930555555555556 0.24375000000000005 0.7541666666666667 0.2890625000000001 0.7541666666666667
4 0.40859375 0.5402777777777779 0.34375 0.5402777777777777 0.34375000000000006 0.8291666666666667 0.40859375 0.8291666666666667