4 0.14921875000000004 0.3736111111111111 0.07890625000000002 0.3736111111111111 0.07890625000000004 0.6986111111111111 0.14921875000000004 0.6986111111111111
4 0.28437500000000004 0.36944444444444446 0.228125 0.36944444444444446 0.22812500000000005 0.6666666666666666 0.2843750000000001 0.6666666666666666
4 0.546875 0.35000000000000014 0.4890625 0.3500000000000001 0.4890625 0.6111111111111113 0.546875 0.6111111111111113
4 0.653125 0.35555555555555574 0.59140625 0.35555555555555574 0.59140625 0.5930555555555557 0.653125 0.5930555555555557
4 0.75625 0.34027777777777796 0.6921875 0.34027777777777796 0.6921875 0.5819444444444446 0.75625 0.5819444444444446
4 0.82890625 0.3319444444444446 0.7703125 0.3319444444444446 0.7703125 0.563888888888889 0.82890625 0.563888888888889
4 0.91015625 0.34027777777777796 0.84765625 0.34027777777777796 0.84765625 0.5541666666666668 0.91015625 0.5541666666666668
0 0.11406250000000004 0.38055555555555554 0.08984375000000003 0.38055555555555554 0.08984375000000003 0.42083333333333334 0.11406250000000004 0.42083333333333334
0 0.265625 0.37777777777777777 0.23984375 0.37777777777777777 0.23984375 0.40555555555555556 0.265625 0.40555555555555556
0 0.3984375 0.36388888888888904 0.37421875 0.36388888888888904 0.37421875 0.3958333333333335 0.3984375 0.3958333333333335
0 0.534375 0.36111111111111127 0.51484375 0.36111111111111127 0.51484375 0.38472222222222235 0.534375 0.38472222222222235
0 0.75078125 0.3458333333333335 0.72578125 0.3458333333333335 0.72578125 0.3819444444444446 0.75078125 0.3819444444444446
0 0.825 0.34027777777777796 0.80625 0.34027777777777796 0.80625 0.3694444444444446 0.825 0.3694444444444446
0 0.90078125 0.3319444444444446 0.88125 0.3319444444444446 0.88125 0.3597222222222224 0.90078125 0.3597222222222224